buildings=0

=== 核心周边 70x70 矿脉簇（连通块） ===
sand      n=499 x=30..65 y=108..133 manhattan_core=4
          59,108 60,108 61,108 38,109 44,109 57,109 58,109 59,109 60,109 61,109 35,110 36,110 37,110 38,110 39,110 40,110 43,110 56,110 57,110 58,110 59,110 60,110 61,110 36,111 37,111 38,111 39,111 40,111 41,111 42,111 54,111 55,111 56,111 57,111 58,111 59,111 60,111 61,111 35,112 36,112 37,112 38,112 39,112 40,112 41,112 42,112 43,112 44,112 45,112 53,112 54,112 55,112 56,112 57,112 58,112 59,112 60,112 61,112 35,113 36,113 37,113 38,113 39,113 40,113 41,113 42,113 43,113 44,113 45,113 46,113 47,113 48,113 49,113 51,113 52,113 53,113 54,113 55,113 56,113 57,113 58,113 59,113 60,113 35,114 36,114 37,114 38,114 39,114 40,114 41,114 42,114 43,114 44,114 45,114 46,114 47,114 48,114 49,114 51,114 52,114 53,114 54,114 55,114 56,114 57,114 58,114 59,114 60,114 36,115 37,115 38,115 39,115 40,115 41,115 42,115 43,115 44,115 45,115 46,115 47,115 48,115 49,115 51,115 52,115 53,115 54,115 55,115 56,115 57,115 58,115 59,115 36,116 37,116 38,116 39,116 40,116 41,116 42,116 43,116 44,116 45,116 46,116 47,116 48,116 49,116 51,116 52,116 53,116 54,116 55,116 56,116 57,116 58,116 59,116 60,116 33,117 34,117 35,117 36,117 37,117 38,117 39,117 40,117 41,117 42,117 43,117 44,117 45,117 46,117 47,117 48,117 49,117 51,117 52,117 53,117 54,117 55,117 56,117 57,117 58,117 59,117 32,118 33,118 34,118 35,118 36,118 37,118 38,118 39,118 40,118 41,118 42,118 43,118 44,118 45,118 46,118 47,118 48,118 49,118 51,118 52,118 53,118 54,118 55,118 56,118 57,118 58,118 59,118 31,119 32,119 33,119 34,119 35,119 36,119 37,119 38,119 39,119 40,119 41,119 42,119 43,119 44,119 45,119 46,119 47,119 48,119 50,119 51,119 52,119 53,119 54,119 55,119 56,119 57,119 58,119 59,119 30,120 31,120 32,120 33,120 34,120 35,120 36,120 39,120 40,120 41,120 42,120 43,120 44,120 45,120 46,120 47,120 48,120 49,120 50,120 51,120 52,120 53,120 54,120 55,120 56,120 57,120 58,120 59,120 30,121 31,121 32,121 33,121 34,121 35,121 37,121 38,121 39,121 40,121 41,121 43,121 44,121 45,121 46,121 47,121 48,121 49,121 50,121 51,121 52,121 53,121 54,121 55,121 56,121 57,121 58,121 59,121 60,121 30,122 31,122 32,122 33,122 35,122 39,122 44,122 45,122 46,122 47,122 48,122 49,122 50,122 51,122 52,122 53,122 54,122 55,122 56,122 57,122 58,122 59,122 60,122 30,123 31,123 39,123 44,123 45,123 46,123 47,123 48,123 49,123 50,123 51,123 52,123 53,123 54,123 55,123 56,123 57,123 58,123 59,123 60,123 61,123 39,124 44,124 45,124 46,124 47,124 48,124 49,124 50,124 51,124 52,124 53,124 54,124 55,124 56,124 57,124 58,124 59,124 60,124 61,124 62,124 39,125 43,125 44,125 45,125 46,125 47,125 48,125 49,125 50,125 51,125 52,125 53,125 54,125 55,125 56,125 57,125 58,125 59,125 60,125 61,125 62,125 63,125 39,126 43,126 44,126 45,126 46,126 47,126 48,126 49,126 50,126 51,126 52,126 53,126 54,126 55,126 56,126 57,126 58,126 59,126 61,126 62,126 63,126 64,126 38,127 39,127 42,127 43,127 44,127 45,127 46,127 47,127 48,127 49,127 50,127 51,127 52,127 53,127 54,127 55,127 56,127 57,127 61,127 62,127 63,127 64,127 38,128 42,128 43,128 44,128 45,128 46,128 47,128 48,128 49,128 50,128 51,128 52,128 53,128 54,128 55,128 62,128 63,128 64,128 37,129 41,129 42,129 43,129 44,129 45,129 46,129 47,129 48,129 49,129 50,129 51,129 52,129 53,129 54,129 63,129 64,129 40,130 41,130 42,130 43,130 44,130 45,130 46,130 47,130 48,130 49,130 50,130 51,130 52,130 53,130 63,130 64,130 41,131 42,131 43,131 44,131 45,131 46,131 47,131 48,131 49,131 50,131 51,131 52,131 53,131 64,131 65,131 45,132 46,132 47,132 48,132 49,132 50,132 51,132 52,132 49,133 52,133
sand      n=370 x=71..95 y=86..115 manhattan_core=10
          95,86 92,87 94,87 91,88 92,88 93,88 91,89 92,89 93,89 90,90 91,90 92,90 93,90 95,90 89,91 90,91 91,91 92,91 93,91 94,91 95,91 89,92 90,92 91,92 92,92 93,92 94,92 95,92 89,93 90,93 91,93 92,93 93,93 94,93 95,93 85,94 89,94 90,94 91,94 92,94 93,94 94,94 95,94 83,95 84,95 85,95 86,95 87,95 88,95 89,95 90,95 91,95 92,95 93,95 94,95 95,95 81,96 82,96 83,96 84,96 85,96 86,96 87,96 88,96 89,96 90,96 91,96 92,96 93,96 94,96 95,96 80,97 81,97 82,97 83,97 84,97 85,97 86,97 87,97 88,97 89,97 90,97 91,97 92,97 93,97 94,97 95,97 80,98 81,98 82,98 83,98 84,98 85,98 86,98 87,98 88,98 89,98 90,98 91,98 92,98 93,98 94,98 95,98 80,99 81,99 82,99 83,99 84,99 85,99 86,99 87,99 88,99 89,99 90,99 91,99 92,99 93,99 94,99 95,99 80,100 81,100 82,100 83,100 84,100 85,100 86,100 87,100 88,100 89,100 90,100 91,100 92,100 93,100 94,100 95,100 83,101 84,101 85,101 86,101 87,101 88,101 89,101 90,101 91,101 92,101 93,101 94,101 95,101 84,102 85,102 86,102 87,102 88,102 89,102 90,102 91,102 92,102 93,102 94,102 95,102 82,103 84,103 85,103 86,103 87,103 88,103 89,103 90,103 91,103 92,103 93,103 94,103 95,103 71,104 72,104 83,104 84,104 85,104 86,104 87,104 88,104 89,104 90,104 91,104 92,104 93,104 94,104 95,104 71,105 72,105 73,105 74,105 75,105 79,105 80,105 84,105 85,105 86,105 87,105 88,105 89,105 90,105 91,105 92,105 93,105 94,105 95,105 71,106 72,106 73,106 74,106 75,106 76,106 77,106 79,106 80,106 81,106 83,106 84,106 85,106 86,106 87,106 88,106 89,106 90,106 91,106 92,106 93,106 72,107 73,107 74,107 75,107 76,107 77,107 79,107 80,107 81,107 82,107 83,107 84,107 85,107 86,107 87,107 88,107 89,107 90,107 91,107 92,107 72,108 73,108 74,108 75,108 76,108 77,108 79,108 80,108 81,108 82,108 83,108 84,108 85,108 89,108 90,108 91,108 72,109 73,109 74,109 75,109 76,109 77,109 78,109 79,109 80,109 81,109 82,109 83,109 84,109 89,109 90,109 91,109 72,110 73,110 74,110 75,110 76,110 77,110 78,110 79,110 80,110 81,110 82,110 83,110 84,110 90,110 91,110 72,111 73,111 74,111 75,111 76,111 77,111 78,111 79,111 80,111 81,111 82,111 83,111 84,111 90,111 91,111 92,111 72,112 73,112 74,112 75,112 76,112 77,112 78,112 79,112 80,112 81,112 82,112 83,112 84,112 90,112 91,112 92,112 93,112 94,112 72,113 73,113 74,113 75,113 76,113 77,113 78,113 79,113 80,113 81,113 82,113 90,113 91,113 92,113 93,113 94,113 95,113 73,114 74,114 75,114 76,114 77,114 78,114 79,114 90,114 91,114 92,114 93,114 94,114 95,114 72,115 73,115 74,115 75,115 89,115 90,115 91,115 92,115 93,115 94,115 95,115
sand      n=262 x=43..65 y=69..92 manhattan_core=16
          50,69 51,69 52,69 53,69 54,69 55,69 56,69 57,69 58,69 49,70 50,70 51,70 52,70 53,70 54,70 55,70 56,70 57,70 58,70 49,71 50,71 51,71 52,71 53,71 54,71 55,71 56,71 57,71 58,71 59,71 47,72 49,72 50,72 51,72 52,72 53,72 54,72 57,72 58,72 59,72 60,72 47,73 48,73 51,73 58,73 59,73 60,73 47,74 48,74 49,74 59,74 60,74 47,75 48,75 49,75 50,75 51,75 59,75 60,75 61,75 47,76 48,76 49,76 50,76 51,76 52,76 53,76 55,76 60,76 61,76 62,76 48,77 49,77 50,77 51,77 52,77 54,77 55,77 56,77 57,77 59,77 60,77 61,77 62,77 48,78 49,78 50,78 51,78 55,78 56,78 57,78 58,78 59,78 60,78 61,78 62,78 63,78 49,79 50,79 51,79 55,79 56,79 57,79 58,79 59,79 60,79 61,79 62,79 63,79 65,79 46,80 50,80 51,80 54,80 55,80 56,80 57,80 58,80 59,80 60,80 61,80 64,80 45,81 46,81 47,81 50,81 51,81 52,81 53,81 54,81 55,81 56,81 57,81 58,81 59,81 60,81 63,81 64,81 44,82 45,82 46,82 47,82 48,82 51,82 52,82 55,82 56,82 57,82 58,82 62,82 63,82 64,82 44,83 45,83 46,83 47,83 48,83 54,83 55,83 56,83 61,83 62,83 63,83 43,84 44,84 45,84 46,84 47,84 48,84 49,84 59,84 60,84 61,84 62,84 43,85 44,85 45,85 46,85 47,85 48,85 49,85 50,85 57,85 58,85 59,85 60,85 61,85 62,85 43,86 44,86 45,86 46,86 47,86 48,86 49,86 50,86 51,86 55,86 56,86 57,86 58,86 59,86 60,86 61,86 43,87 44,87 45,87 46,87 47,87 48,87 49,87 50,87 51,87 52,87 53,87 54,87 55,87 56,87 57,87 58,87 59,87 60,87 61,87 43,88 44,88 45,88 46,88 47,88 48,88 49,88 51,88 52,88 53,88 54,88 55,88 56,88 57,88 58,88 59,88 60,88 61,88 47,89 48,89 49,89 50,89 51,89 54,89 55,89 56,89 57,89 59,89 60,89 48,90 49,90 50,90 53,90 54,90 55,90 50,91 51,91 52,91 51,92
sand      n=114 x=80..95 y=69..84 manhattan_core=50
          80,69 81,69 82,69 83,69 84,69 85,69 86,69 87,69 92,69 93,69 94,69 95,69 81,70 82,70 83,70 84,70 85,70 86,70 87,70 93,70 94,70 95,70 81,71 82,71 83,71 84,71 85,71 86,71 87,71 88,71 89,71 90,71 91,71 92,71 93,71 94,71 95,71 81,72 82,72 83,72 84,72 85,72 86,72 87,72 88,72 89,72 90,72 91,72 92,72 93,72 94,72 95,72 82,73 83,73 84,73 85,73 86,73 87,73 88,73 89,73 90,73 91,73 92,73 93,73 94,73 95,73 82,74 83,74 84,74 85,74 89,74 90,74 91,74 92,74 93,74 94,74 95,74 82,75 83,75 88,75 89,75 90,75 91,75 92,75 93,75 94,75 95,75 90,76 91,76 92,76 93,76 94,76 95,76 90,77 91,77 92,77 93,77 94,77 95,77 91,78 92,78 93,78 91,79 92,79 93,79 92,80 93,80 93,81 94,81 95,81 93,82 94,82 94,83 94,84
sand      n=113 x=76..92 y=116..131 manhattan_core=32
          84,116 85,116 80,117 81,117 82,117 83,117 84,117 85,117 86,117 87,117 79,118 80,118 81,118 82,118 84,118 85,118 86,118 87,118 88,118 89,118 90,118 91,118 92,118 80,119 81,119 82,119 83,119 84,119 85,119 86,119 87,119 88,119 89,119 80,120 81,120 82,120 83,120 84,120 85,120 86,120 87,120 88,120 81,121 82,121 83,121 84,121 85,121 86,121 87,121 82,122 83,122 84,122 85,122 86,122 87,122 88,122 83,123 84,123 86,123 87,123 88,123 89,123 76,124 78,124 81,124 82,124 83,124 84,124 86,124 87,124 88,124 89,124 77,125 78,125 79,125 80,125 81,125 82,125 83,125 84,125 85,125 86,125 87,125 89,125 90,125 78,126 79,126 80,126 81,126 82,126 83,126 84,126 85,126 86,126 87,126 88,126 89,126 90,126 80,127 81,127 82,127 84,127 87,127 88,127 89,127 80,128 81,128 82,128 83,128 82,129 83,129 83,130 83,131
sand      n= 96 x=33..48 y=78..107 manhattan_core=19
          35,78 33,79 34,79 35,79 33,80 34,80 35,80 33,81 34,81 35,81 34,82 35,82 36,82 35,83 36,83 37,83 38,83 36,84 37,84 38,84 39,84 37,85 38,85 39,85 37,86 38,86 39,86 37,87 38,87 39,87 37,88 38,88 36,89 37,89 35,90 36,90 37,90 39,90 35,91 36,91 39,91 43,91 44,91 45,91 46,91 36,92 37,92 38,92 43,92 44,92 45,92 46,92 47,92 36,93 37,93 42,93 43,93 44,93 45,93 46,93 47,93 48,93 35,94 36,94 38,94 39,94 42,94 43,94 44,94 46,94 47,94 39,95 40,95 41,95 46,95 47,95 39,96 45,96 46,96 47,96 45,97 46,97 45,98 46,98 45,99 44,100 45,100 44,101 43,102 44,102 42,103 43,103 42,104 41,105 41,106 40,107
sand      n= 82 x=68..82 y=130..138 manhattan_core=38
          79,130 74,131 75,131 76,131 77,131 78,131 79,131 80,131 71,132 73,132 74,132 75,132 76,132 77,132 78,132 79,132 80,132 81,132 71,133 72,133 73,133 74,133 75,133 76,133 77,133 78,133 79,133 80,133 81,133 82,133 72,134 73,134 74,134 75,134 76,134 77,134 78,134 79,134 80,134 81,134 82,134 72,135 73,135 74,135 75,135 76,135 77,135 78,135 79,135 80,135 81,135 82,135 73,136 74,136 75,136 76,136 77,136 78,136 79,136 80,136 81,136 71,137 73,137 74,137 75,137 76,137 77,137 78,137 79,137 80,137 68,138 69,138 70,138 71,138 72,138 73,138 74,138 75,138 76,138 77,138 78,138 79,138
sand      n= 45 x=26..31 y=79..95 manhattan_core=44
          26,79 26,80 27,80 28,80 26,81 27,81 28,81 27,82 28,82 27,83 28,83 29,83 27,84 28,84 29,84 27,85 28,85 29,85 30,85 27,86 28,86 29,86 30,86 27,87 28,87 29,87 30,87 31,87 28,88 29,88 30,88 28,89 29,89 30,89 28,90 29,90 28,91 29,91 26,92 27,92 28,92 26,93 27,93 26,94 26,95
sand      n= 44 x=78..88 y=77..84 manhattan_core=39
          79,77 79,78 80,78 78,79 79,79 80,79 81,79 82,79 84,79 85,79 86,79 78,80 79,80 80,80 81,80 82,80 83,80 84,80 85,80 86,80 78,81 79,81 80,81 81,81 82,81 83,81 84,81 85,81 86,81 87,81 78,82 79,82 80,82 81,82 82,82 83,82 84,82 85,82 86,82 87,82 79,83 87,83 88,83 88,84
sand      n= 33 x=27..39 y=69..76 manhattan_core=55
          28,69 27,70 28,70 29,70 27,71 28,71 29,71 38,71 39,71 27,72 28,72 29,72 30,72 31,72 36,72 37,72 27,73 28,73 29,73 30,73 31,73 32,73 33,73 34,73 35,73 28,74 29,74 30,74 31,74 29,75 30,75 31,75 30,76
sand      n= 20 x=39..44 y=74..78 manhattan_core=44
          42,74 43,74 40,75 41,75 42,75 43,75 44,75 39,76 40,76 41,76 42,76 43,76 44,76 39,77 40,77 41,77 42,77 43,77 44,77 42,78
sand      n= 14 x=48..51 y=94..100 manhattan_core=14
          50,94 50,95 49,96 50,96 49,97 50,97 48,98 49,98 50,98 49,99 50,99 51,99 50,100 51,100
sand      n=  6 x=64..66 y=100..102 manhattan_core=5
          65,100 66,100 64,101 65,101 66,101 64,102
sand      n=  4 x=95..95 y=135..138 manhattan_core=65
          95,135 95,136 95,137 95,138
sand      n=  3 x=32..34 y=129..129 manhattan_core=52
          32,129 33,129 34,129
sand      n=  3 x=76..77 y=69..70 manhattan_core=50
          76,69 77,69 77,70
sand      n=  2 x=30..31 y=79..79 manhattan_core=55
          30,79 31,79
sand      n=  2 x=59..60 y=129..129 manhattan_core=26
          59,129 60,129
sand      n=  1 x=31..31 y=114..114 manhattan_core=40
          31,114
sand      n=  1 x=34..34 y=132..132 manhattan_core=55
          34,132
sand      n=  1 x=68..68 y=78..78 manhattan_core=33
          68,78
sand      n=  1 x=46..46 y=109..109 manhattan_core=20
          46,109
copper    n= 45 x=65..73 y=98..106 manhattan_core=4
          70,98 71,98 69,99 70,99 71,99 72,99 68,100 69,100 70,100 71,100 72,100 73,100 67,101 68,101 69,101 70,101 71,101 72,101 73,101 66,102 67,102 68,102 69,102 70,102 71,102 72,102 65,103 66,103 67,103 68,103 69,103 70,103 71,103 65,104 66,104 67,104 68,104 69,104 70,104 66,105 67,105 68,105 69,105 67,106 68,106
copper    n= 33 x=85..90 y=131..138 manhattan_core=54
          88,131 89,131 87,132 88,132 89,132 90,132 86,133 87,133 88,133 89,133 90,133 85,134 86,134 87,134 88,134 89,134 90,134 86,135 87,135 88,135 89,135 90,135 86,136 87,136 88,136 89,136 86,137 87,137 88,137 89,137 87,138 88,138 89,138
copper    n= 19 x=40..43 y=88..94 manhattan_core=30
          42,88 40,89 41,89 42,89 43,89 40,90 41,90 42,90 43,90 40,91 41,91 42,91 40,92 41,92 42,92 40,93 41,93 40,94 41,94
copper    n= 14 x=26..27 y=82..91 manhattan_core=47
          26,82 26,83 26,84 26,85 26,86 26,87 26,88 27,88 26,89 27,89 26,90 27,90 26,91 27,91
copper    n= 10 x=46..49 y=69..71 manhattan_core=46
          46,69 47,69 48,69 49,69 46,70 47,70 48,70 46,71 47,71 48,71
copper    n= 10 x=81..84 y=114..116 manhattan_core=31
          82,114 83,114 84,114 81,115 82,115 83,115 84,115 81,116 82,116 83,116
coal      n= 26 x=65..72 y=114..118 manhattan_core=15
          66,114 67,114 68,114 65,115 66,115 67,115 68,115 69,115 70,115 65,116 66,116 67,116 68,116 69,116 70,116 71,116 72,116 65,117 66,117 67,117 68,117 69,117 70,117 72,117 65,118 66,118
coal      n= 22 x=65..69 y=79..83 manhattan_core=26
          66,79 67,79 68,79 65,80 66,80 67,80 68,80 69,80 65,81 66,81 67,81 68,81 69,81 65,82 66,82 67,82 68,82 69,82 66,83 67,83 68,83 69,83
coal      n= 18 x=38..40 y=96..104 manhattan_core=21
          38,96 38,97 39,97 38,98 39,98 38,99 39,99 39,100 40,100 39,101 40,101 39,102 40,102 39,103 40,103 38,104 39,104 40,104
coal      n= 17 x=89..94 y=129..134 manhattan_core=53
          89,129 89,130 90,130 91,130 90,131 91,131 92,131 93,131 91,132 92,132 93,132 91,133 92,133 93,133 94,133 92,134 93,134
coal      n= 11 x=28..31 y=127..130 manhattan_core=54
          29,127 30,127 28,128 29,128 30,128 31,128 28,129 29,129 30,129 29,130 30,130
coal      n= 10 x=52..54 y=82..86 manhattan_core=25
          53,82 52,83 53,83 52,84 53,84 54,84 53,85 54,85 53,86 54,86
coal      n=  5 x=94..95 y=87..89 manhattan_core=48
          95,87 94,88 95,88 94,89 95,89
coal      n=  4 x=75..77 y=119..120 manhattan_core=29
          75,119 76,119 76,120 77,120
coal      n=  1 x=31..31 y=137..137 manhattan_core=63
          31,137
lead      n= 29 x=85..89 y=108..114 manhattan_core=29
          86,108 87,108 88,108 85,109 86,109 87,109 88,109 85,110 86,110 87,110 88,110 89,110 85,111 86,111 87,111 88,111 89,111 85,112 86,112 87,112 88,112 89,112 86,113 87,113 88,113 89,113 87,114 88,114 89,114
lead      n= 16 x=92..95 y=116..120 manhattan_core=43
          92,116 93,116 94,116 95,116 92,117 93,117 94,117 95,117 93,118 94,118 95,118 93,119 94,119 95,119 94,120 95,120
lead      n= 13 x=66..69 y=121..125 manhattan_core=23
          67,121 68,121 66,122 67,122 68,122 66,123 67,123 68,123 69,123 66,124 67,124 68,124 67,125
lead      n=  9 x=52..54 y=77..80 manhattan_core=32
          53,77 52,78 53,78 54,78 52,79 53,79 54,79 52,80 53,80
lead      n=  1 x=50..50 y=88..88 manhattan_core=27
          50,88
titanium  n= 28 x=27..33 y=94..98 manhattan_core=36
          29,94 30,94 31,94 32,94 27,95 28,95 29,95 30,95 31,95 32,95 33,95 27,96 28,96 29,96 30,96 31,96 32,96 33,96 27,97 28,97 29,97 30,97 31,97 32,97 28,98 29,98 30,98 31,98
titanium  n= 10 x=36..38 y=101..104 manhattan_core=24
          36,101 37,101 36,102 37,102 38,102 36,103 37,103 38,103 36,104 37,104
titanium  n=  5 x=36..38 y=94..96 manhattan_core=32
          37,94 36,95 37,95 38,95 37,96
thorium   n=  6 x=94..95 y=78..80 manhattan_core=57
          94,78 95,78 94,79 95,79 94,80 95,80
thorium   n=  4 x=51..53 y=89..90 manhattan_core=23
          52,89 53,89 51,90 52,90
thorium   n=  1 x=40..40 y=109..109 manhattan_core=26
          40,109